######################
data/mdgtw500_20a.txt
######################
MEJOR DIVISIÓN
0,0,1,0,1,0,1,0,0,1,1,1,0,1,1,0,1,0,0,1
Fitness
100751.69
MEDIA FITNESS
136080.16
TIEMPO
217.92158555984497
######################
data/mdgtw500_20b.txt
######################
MEJOR DIVISIÓN
1,1,0,0,0,0,1,1,1,0,1,0,1,0,1,0,0,1,1,0
Fitness
76399.81
MEDIA FITNESS
140769.17
TIEMPO
210.0602469444275
######################
data/mdgtw500_20c.txt
######################
MEJOR DIVISIÓN
1,1,0,1,1,0,0,1,0,1,0,0,1,0,0,1,1,1,0,0
Fitness
93303.56
MEDIA FITNESS
141157.7
TIEMPO
209.418683052063
######################
data/mdgtw500_20d.txt
######################
MEJOR DIVISIÓN
1,1,0,1,1,0,0,1,0,0,1,0,1,0,1,0,1,0,0,1
Fitness
106775.44
MEDIA FITNESS
148521.97
TIEMPO
219.08411121368408
######################
data/mdgtw500_20e.txt
######################
MEJOR DIVISIÓN
0,1,1,0,1,1,0,0,0,0,0,1,0,0,0,1,1,1,1,1
Fitness
106385.06
MEDIA FITNESS
148307.56
TIEMPO
215.97995710372925

