######################
data/mdgtw500_20a.txt
######################
MEJOR DIVISIÓN
0,0,1,0,1,0,1,0,0,1,1,1,0,1,1,0,1,0,0,1
Fitness
100751.69
MEDIA FITNESS
106362.96
TIEMPO
256.25674962997437
######################
data/mdgtw500_20b.txt
######################
MEJOR DIVISIÓN
0,0,1,1,1,1,0,0,0,1,0,1,0,1,0,1,1,0,0,1
Fitness
76399.81
MEDIA FITNESS
76399.81
TIEMPO
253.14579892158508
######################
data/mdgtw500_20c.txt
######################
MEJOR DIVISIÓN
0,0,1,0,0,1,1,0,1,0,1,1,0,1,1,0,0,0,1,1
Fitness
93303.56
MEDIA FITNESS
97573.84
TIEMPO
248.46412110328674
######################
data/mdgtw500_20d.txt
######################
MEJOR DIVISIÓN
0,0,1,0,0,1,1,0,1,1,0,1,0,1,0,1,0,1,1,0
Fitness
106775.44
MEDIA FITNESS
109815.375
TIEMPO
251.32051467895508
######################
data/mdgtw500_20e.txt
######################
MEJOR DIVISIÓN
1,0,0,1,0,0,1,1,1,1,1,0,1,1,1,0,0,0,0,0
Fitness
106385.06
MEDIA FITNESS
121985.85
TIEMPO
258.019864320755

